3,2
3,1
3,3
10,282
10,112
10,126
10,148
10,78
10,104
10,118
10,20
8,8
8,2
8,3
44,4
44,3
44,2
44,1
44,0
35,3
35,2
35,1
35,0
20,3
20,2
20,1
19,3
19,2
19,1
12,3
12,2
12,1
11,30
11,29
11,27
11,26
11,25
11,24
11,23
11,22
11,21
11,20
11,19
11,18
11,16
11,15
11,13
11,12
11,11
11,10
11,9
11,8
11,7
11,5
11,4
11,3
11,2
11,1
10,309
10,296
10,264
10,262
10,255
10,242
10,211
10,209
10,202
10,195
10,187
18,1
10,179
18,3
10,149
10,129
10,109
10,73
14,1
10,64
14,3
10,31
10,3
13,1
10,2
13,3
10,1
9,7
9,6
9,5
9,4
9,3
